-6 -70 
-5 -70 
-4 -70 
-4 -69 
-4 -68 
-4 -67 
-4 -66 
-4 -65 
-4 -64 
-4 -63 
-3 -61 
-3 -60 
-3 -59 
-3 -58 
-3 -57 
-3 -56 
-3 -55 
-3 -54 
-3 -53 
-3 -52 
-3 -51 
-3 -50 
-3 -49 
-3 -48 
-3 -47 
-3 -46 
-3 -45 
-3 -44 
-3 -43 
-3 -42 
-3 -41 
-3 -40 
-3 -39 
-3 -38 
-3 -37 
-3 -36 
-3 -35 
-3 -34 
-3 -33 
-3 -6 
-2 -31 
-2 -30 
-2 -29 
-2 -28 
-2 -27 
-2 -26 
-2 -25 
-2 -24 
-2 -23 
-2 -22 
-2 -21 
-2 -20 
-2 -19 
-2 -18 
-2 -17 
-2 -16 
-2 -15 
-2 -14 
-2 -13 
-2 -12 
-2 -11 
-2 -10 
-2 -9 
-2 -8 
-2 -7 
-2 -6 
-2 -5 
-1 -3 
