-68 -70 
-67 -69 
-66 -68 
-65 -67 
-64 -66 
-63 -65 
-62 -64 
-61 -63 
-60 -62 
-59 -61 
-58 -60 
-57 -59 
-56 -58 
-55 -57 
-54 -56 
-53 -55 
-52 -54 
-51 -53 
-50 -52 
-49 -51 
-48 -50 
-47 -49 
-46 -48 
-45 -47 
-44 -46 
-43 -45 
-42 -44 
-41 -43 
-40 -42 
-39 -41 
-38 -40 
-37 -39 
-36 -38 
-35 -37 
-34 -36 
-33 -35 
-32 -34 
-31 -33 
-30 -32 
-29 -31 
-28 -30 
-27 -29 
-26 -28 
-25 -27 
-24 -26 
-23 -25 
-22 -24 
-21 -23 
-20 -69 
-20 -68 
-20 -67 
-20 -22 
-19 -69 
-19 -68 
-19 -67 
-19 -66 
-19 -65 
-19 -64 
-19 -63 
-19 -21 
-18 -66 
-18 -65 
-18 -64 
-18 -63 
-18 -62 
-18 -61 
-18 -60 
-18 -59 
-18 -20 
-17 -62 
-17 -61 
-17 -60 
-17 -59 
-17 -58 
-17 -57 
-17 -56 
-17 -55 
-17 -19 
-16 -58 
-16 -57 
-16 -56 
-16 -55 
-16 -54 
-16 -53 
-16 -52 
-16 -51 
-16 -18 
-15 -54 
-15 -53 
-15 -52 
-15 -51 
-15 -50 
-15 -49 
-15 -48 
-15 -47 
-15 -17 
-14 -50 
-14 -49 
-14 -48 
-14 -47 
-14 -46 
-14 -45 
-14 -44 
-14 -43 
-14 -16 
-13 -46 
-13 -45 
-13 -44 
-13 -43 
-13 -42 
-13 -41 
-13 -40 
-13 -39 
-13 -15 
-12 -42 
-12 -41 
-12 -40 
-12 -39 
-12 -38 
-12 -37 
-12 -36 
-12 -35 
-12 -14 
-11 -38 
-11 -37 
-11 -36 
-11 -35 
-11 -34 
-11 -33 
-11 -32 
-11 -31 
-11 -13 
-10 -34 
-10 -33 
-10 -32 
-10 -31 
-10 -30 
-10 -29 
-10 -28 
-10 -27 
-9 -30 
-9 -29 
-9 -28 
-9 -27 
-9 -26 
-9 -25 
-9 -24 
-9 -23 
-8 -26 
-8 -25 
-8 -24 
-8 -23 
-8 -22 
-8 -21 
-8 -20 
-8 -19 
-7 -22 
-7 -21 
-7 -20 
-7 -19 
-7 -18 
-7 -17 
-7 -16 
-7 -15 
-6 -18 
-6 -17 
-6 -16 
-6 -15 
-6 -14 
-6 -13 
-6 -12 
-6 -11 
-5 -14 
-5 -13 
-5 -12 
-5 -11 
-5 -10 
-5 -9 
-5 -8 
-5 -7 
-4 -10 
-4 -9 
-4 -8 
-4 -7 
-4 -6 
-3 -5 
-2 -4 
