-70 -70 
-69 -69 
-68 -68 
-67 -67 
-66 -66 
-65 -65 
-64 -64 
-63 -63 
-62 -62 
-61 -61 
-60 -60 
-59 -59 
-58 -58 
-57 -57 
-56 -56 
-55 -55 
-54 -54 
-53 -53 
-52 -70 
-52 -52 
-51 -70 
-51 -69 
-51 -68 
-51 -51 
-50 -70 
-50 -69 
-50 -68 
-50 -67 
-50 -50 
-49 -70 
-49 -69 
-49 -68 
-49 -67 
-49 -66 
-49 -65 
-49 -49 
-48 -70 
-48 -69 
-48 -68 
-48 -67 
-48 -66 
-48 -65 
-48 -64 
-48 -48 
-47 -70 
-47 -69 
-47 -68 
-47 -67 
-47 -66 
-47 -65 
-47 -64 
-47 -63 
-47 -47 
-46 -70 
-46 -69 
-46 -68 
-46 -67 
-46 -66 
-46 -65 
-46 -64 
-46 -63 
-46 -62 
-46 -61 
-46 -46 
-45 -70 
-45 -69 
-45 -68 
-45 -67 
-45 -66 
-45 -65 
-45 -64 
-45 -63 
-45 -62 
-45 -61 
-45 -60 
-45 -45 
-44 -70 
-44 -69 
-44 -68 
-44 -67 
-44 -66 
-44 -65 
-44 -64 
-44 -63 
-44 -62 
-44 -61 
-44 -60 
-44 -59 
-44 -58 
-44 -44 
-43 -70 
-43 -69 
-43 -68 
-43 -67 
-43 -66 
-43 -65 
-43 -64 
-43 -63 
-43 -62 
-43 -61 
-43 -60 
-43 -59 
-43 -58 
-43 -57 
-43 -43 
-42 -70 
-42 -69 
-42 -68 
-42 -67 
-42 -66 
-42 -65 
-42 -64 
-42 -63 
-42 -62 
-42 -61 
-42 -60 
-42 -59 
-42 -58 
-42 -57 
-42 -56 
-42 -42 
-41 -70 
-41 -69 
-41 -68 
-41 -67 
-41 -66 
-41 -65 
-41 -64 
-41 -63 
-41 -62 
-41 -61 
-41 -60 
-41 -59 
-41 -58 
-41 -57 
-41 -56 
-41 -55 
-41 -54 
-41 -41 
-40 -70 
-40 -69 
-40 -68 
-40 -67 
-40 -66 
-40 -65 
-40 -64 
-40 -63 
-40 -62 
-40 -61 
-40 -60 
-40 -59 
-40 -58 
-40 -57 
-40 -56 
-40 -55 
-40 -54 
-40 -53 
-40 -40 
-39 -70 
-39 -69 
-39 -68 
-39 -67 
-39 -66 
-39 -65 
-39 -64 
-39 -63 
-39 -62 
-39 -61 
-39 -60 
-39 -59 
-39 -58 
-39 -57 
-39 -56 
-39 -55 
-39 -54 
-39 -53 
-39 -52 
-39 -51 
-39 -39 
-38 -70 
-38 -69 
-38 -68 
-38 -67 
-38 -66 
-38 -65 
-38 -64 
-38 -63 
-38 -62 
-38 -61 
-38 -60 
-38 -59 
-38 -58 
-38 -57 
-38 -56 
-38 -55 
-38 -54 
-38 -53 
-38 -52 
-38 -51 
-38 -50 
-38 -38 
-37 -70 
-37 -69 
-37 -68 
-37 -67 
-37 -66 
-37 -65 
-37 -64 
-37 -63 
-37 -62 
-37 -61 
-37 -60 
-37 -59 
-37 -58 
-37 -57 
-37 -56 
-37 -55 
-37 -54 
-37 -53 
-37 -52 
-37 -51 
-37 -50 
-37 -49 
-37 -37 
-36 -70 
-36 -69 
-36 -68 
-36 -67 
-36 -66 
-36 -65 
-36 -64 
-36 -63 
-36 -62 
-36 -61 
-36 -60 
-36 -59 
-36 -58 
-36 -57 
-36 -56 
-36 -55 
-36 -54 
-36 -53 
-36 -52 
-36 -51 
-36 -50 
-36 -49 
-36 -48 
-36 -47 
-36 -36 
-35 -70 
-35 -69 
-35 -68 
-35 -67 
-35 -66 
-35 -65 
-35 -64 
-35 -63 
-35 -62 
-35 -61 
-35 -60 
-35 -59 
-35 -58 
-35 -57 
-35 -56 
-35 -55 
-35 -54 
-35 -53 
-35 -52 
-35 -51 
-35 -50 
-35 -49 
-35 -48 
-35 -47 
-35 -46 
-35 -35 
-34 -70 
-34 -69 
-34 -68 
-34 -67 
-34 -66 
-34 -65 
-34 -64 
-34 -63 
-34 -62 
-34 -61 
-34 -60 
-34 -59 
-34 -58 
-34 -57 
-34 -56 
-34 -55 
-34 -54 
-34 -53 
-34 -52 
-34 -51 
-34 -50 
-34 -49 
-34 -48 
-34 -47 
-34 -46 
-34 -45 
-34 -44 
-34 -34 
-33 -70 
-33 -69 
-33 -68 
-33 -67 
-33 -66 
-33 -65 
-33 -64 
-33 -63 
-33 -62 
-33 -61 
-33 -60 
-33 -59 
-33 -58 
-33 -57 
-33 -56 
-33 -55 
-33 -54 
-33 -53 
-33 -52 
-33 -51 
-33 -50 
-33 -49 
-33 -48 
-33 -47 
-33 -46 
-33 -45 
-33 -44 
-33 -43 
-33 -33 
-32 -70 
-32 -69 
-32 -68 
-32 -67 
-32 -66 
-32 -65 
-32 -64 
-32 -63 
-32 -62 
-32 -61 
-32 -60 
-32 -59 
-32 -58 
-32 -57 
-32 -56 
-32 -55 
-32 -54 
-32 -53 
-32 -52 
-32 -51 
-32 -50 
-32 -49 
-32 -48 
-32 -47 
-32 -46 
-32 -45 
-32 -44 
-32 -43 
-32 -42 
-32 -32 
-31 -70 
-31 -69 
-31 -68 
-31 -67 
-31 -66 
-31 -65 
-31 -64 
-31 -63 
-31 -62 
-31 -61 
-31 -60 
-31 -59 
-31 -58 
-31 -57 
-31 -56 
-31 -55 
-31 -54 
-31 -53 
-31 -52 
-31 -51 
-31 -50 
-31 -49 
-31 -48 
-31 -47 
-31 -46 
-31 -45 
-31 -44 
-31 -43 
-31 -42 
-31 -41 
-31 -40 
-31 -31 
-30 -70 
-30 -69 
-30 -68 
-30 -67 
-30 -66 
-30 -65 
-30 -64 
-30 -63 
-30 -62 
-30 -61 
-30 -60 
-30 -59 
-30 -58 
-30 -57 
-30 -56 
-30 -55 
-30 -54 
-30 -53 
-30 -52 
-30 -51 
-30 -50 
-30 -49 
-30 -48 
-30 -47 
-30 -46 
-30 -45 
-30 -44 
-30 -43 
-30 -42 
-30 -41 
-30 -40 
-30 -39 
-30 -30 
-29 -70 
-29 -69 
-29 -68 
-29 -67 
-29 -66 
-29 -65 
-29 -64 
-29 -63 
-29 -62 
-29 -61 
-29 -60 
-29 -59 
-29 -58 
-29 -57 
-29 -56 
-29 -55 
-29 -54 
-29 -53 
-29 -52 
-29 -51 
-29 -50 
-29 -49 
-29 -48 
-29 -47 
-29 -46 
-29 -45 
-29 -44 
-29 -43 
-29 -42 
-29 -41 
-29 -40 
-29 -39 
-29 -38 
-29 -37 
-29 -29 
-28 -70 
-28 -69 
-28 -68 
-28 -67 
-28 -66 
-28 -65 
-28 -64 
-28 -63 
-28 -62 
-28 -61 
-28 -60 
-28 -59 
-28 -58 
-28 -57 
-28 -56 
-28 -55 
-28 -54 
-28 -53 
-28 -52 
-28 -51 
-28 -50 
-28 -49 
-28 -48 
-28 -47 
-28 -46 
-28 -45 
-28 -44 
-28 -43 
-28 -42 
-28 -41 
-28 -40 
-28 -39 
-28 -38 
-28 -37 
-28 -36 
-28 -28 
-27 -70 
-27 -69 
-27 -68 
-27 -67 
-27 -66 
-27 -65 
-27 -64 
-27 -63 
-27 -62 
-27 -61 
-27 -60 
-27 -59 
-27 -58 
-27 -57 
-27 -56 
-27 -55 
-27 -54 
-27 -53 
-27 -52 
-27 -51 
-27 -50 
-27 -49 
-27 -48 
-27 -47 
-27 -46 
-27 -45 
-27 -44 
-27 -43 
-27 -42 
-27 -41 
-27 -40 
-27 -39 
-27 -38 
-27 -37 
-27 -36 
-27 -35 
-27 -27 
-26 -70 
-26 -69 
-26 -68 
-26 -67 
-26 -66 
-26 -65 
-26 -64 
-26 -63 
-26 -62 
-26 -61 
-26 -60 
-26 -59 
-26 -58 
-26 -57 
-26 -56 
-26 -55 
-26 -54 
-26 -53 
-26 -52 
-26 -51 
-26 -50 
-26 -49 
-26 -48 
-26 -47 
-26 -46 
-26 -45 
-26 -44 
-26 -43 
-26 -42 
-26 -41 
-26 -40 
-26 -39 
-26 -38 
-26 -37 
-26 -36 
-26 -35 
-26 -34 
-26 -33 
-26 -26 
-25 -70 
-25 -69 
-25 -68 
-25 -67 
-25 -66 
-25 -65 
-25 -64 
-25 -63 
-25 -62 
-25 -61 
-25 -60 
-25 -59 
-25 -58 
-25 -57 
-25 -56 
-25 -55 
-25 -54 
-25 -53 
-25 -52 
-25 -51 
-25 -50 
-25 -49 
-25 -48 
-25 -47 
-25 -46 
-25 -45 
-25 -44 
-25 -43 
-25 -42 
-25 -41 
-25 -40 
-25 -39 
-25 -38 
-25 -37 
-25 -36 
-25 -35 
-25 -34 
-25 -33 
-25 -32 
-25 -25 
-24 -70 
-24 -69 
-24 -68 
-24 -67 
-24 -66 
-24 -65 
-24 -64 
-24 -63 
-24 -62 
-24 -61 
-24 -60 
-24 -59 
-24 -58 
-24 -57 
-24 -56 
-24 -55 
-24 -54 
-24 -53 
-24 -52 
-24 -51 
-24 -50 
-24 -49 
-24 -48 
-24 -47 
-24 -46 
-24 -45 
-24 -44 
-24 -43 
-24 -42 
-24 -41 
-24 -40 
-24 -39 
-24 -38 
-24 -37 
-24 -36 
-24 -35 
-24 -34 
-24 -33 
-24 -32 
-24 -31 
-24 -30 
-24 -24 
-23 -70 
-23 -69 
-23 -68 
-23 -67 
-23 -66 
-23 -65 
-23 -64 
-23 -63 
-23 -62 
-23 -61 
-23 -60 
-23 -59 
-23 -58 
-23 -57 
-23 -56 
-23 -55 
-23 -54 
-23 -53 
-23 -52 
-23 -51 
-23 -50 
-23 -49 
-23 -48 
-23 -47 
-23 -46 
-23 -45 
-23 -44 
-23 -43 
-23 -42 
-23 -41 
-23 -40 
-23 -39 
-23 -38 
-23 -37 
-23 -36 
-23 -35 
-23 -34 
-23 -33 
-23 -32 
-23 -31 
-23 -30 
-23 -29 
-23 -23 
-22 -70 
-22 -69 
-22 -68 
-22 -67 
-22 -66 
-22 -65 
-22 -64 
-22 -63 
-22 -62 
-22 -61 
-22 -60 
-22 -59 
-22 -58 
-22 -57 
-22 -56 
-22 -55 
-22 -54 
-22 -53 
-22 -52 
-22 -51 
-22 -50 
-22 -49 
-22 -48 
-22 -47 
-22 -46 
-22 -45 
-22 -44 
-22 -43 
-22 -42 
-22 -41 
-22 -40 
-22 -39 
-22 -38 
-22 -37 
-22 -36 
-22 -35 
-22 -34 
-22 -33 
-22 -32 
-22 -31 
-22 -30 
-22 -29 
-22 -28 
-22 -22 
-21 -70 
-21 -69 
-21 -68 
-21 -67 
-21 -66 
-21 -65 
-21 -64 
-21 -63 
-21 -62 
-21 -61 
-21 -60 
-21 -59 
-21 -58 
-21 -57 
-21 -56 
-21 -55 
-21 -54 
-21 -53 
-21 -52 
-21 -51 
-21 -50 
-21 -49 
-21 -48 
-21 -47 
-21 -46 
-21 -45 
-21 -44 
-21 -43 
-21 -42 
-21 -41 
-21 -40 
-21 -39 
-21 -38 
-21 -37 
-21 -36 
-21 -35 
-21 -34 
-21 -33 
-21 -32 
-21 -31 
-21 -30 
-21 -29 
-21 -28 
-21 -27 
-21 -26 
-21 -21 
-20 -70 
-20 -69 
-20 -68 
-20 -67 
-20 -66 
-20 -65 
-20 -64 
-20 -63 
-20 -62 
-20 -61 
-20 -60 
-20 -59 
-20 -58 
-20 -57 
-20 -56 
-20 -55 
-20 -54 
-20 -53 
-20 -52 
-20 -51 
-20 -50 
-20 -49 
-20 -48 
-20 -47 
-20 -46 
-20 -45 
-20 -44 
-20 -43 
-20 -42 
-20 -41 
-20 -40 
-20 -39 
-20 -38 
-20 -37 
-20 -36 
-20 -35 
-20 -34 
-20 -33 
-20 -32 
-20 -31 
-20 -30 
-20 -29 
-20 -28 
-20 -27 
-20 -26 
-20 -25 
-20 -20 
-19 -70 
-19 -69 
-19 -68 
-19 -67 
-19 -66 
-19 -65 
-19 -64 
-19 -63 
-19 -62 
-19 -61 
-19 -60 
-19 -59 
-19 -58 
-19 -57 
-19 -56 
-19 -55 
-19 -54 
-19 -53 
-19 -52 
-19 -51 
-19 -50 
-19 -49 
-19 -48 
-19 -47 
-19 -46 
-19 -45 
-19 -44 
-19 -43 
-19 -42 
-19 -41 
-19 -40 
-19 -39 
-19 -38 
-19 -37 
-19 -36 
-19 -35 
-19 -34 
-19 -33 
-19 -32 
-19 -31 
-19 -30 
-19 -29 
-19 -28 
-19 -27 
-19 -26 
-19 -25 
-19 -24 
-19 -23 
-19 -19 
-18 -70 
-18 -69 
-18 -68 
-18 -67 
-18 -66 
-18 -65 
-18 -64 
-18 -63 
-18 -62 
-18 -61 
-18 -60 
-18 -59 
-18 -58 
-18 -57 
-18 -56 
-18 -55 
-18 -54 
-18 -53 
-18 -52 
-18 -51 
-18 -50 
-18 -49 
-18 -48 
-18 -47 
-18 -46 
-18 -45 
-18 -44 
-18 -43 
-18 -42 
-18 -41 
-18 -40 
-18 -39 
-18 -38 
-18 -37 
-18 -36 
-18 -35 
-18 -34 
-18 -33 
-18 -32 
-18 -31 
-18 -30 
-18 -29 
-18 -28 
-18 -27 
-18 -26 
-18 -25 
-18 -24 
-18 -23 
-18 -22 
-18 -18 
-17 -70 
-17 -69 
-17 -68 
-17 -67 
-17 -66 
-17 -65 
-17 -64 
-17 -63 
-17 -62 
-17 -61 
-17 -60 
-17 -59 
-17 -58 
-17 -57 
-17 -56 
-17 -55 
-17 -54 
-17 -53 
-17 -52 
-17 -51 
-17 -50 
-17 -49 
-17 -48 
-17 -47 
-17 -46 
-17 -45 
-17 -44 
-17 -43 
-17 -42 
-17 -41 
-17 -40 
-17 -39 
-17 -38 
-17 -37 
-17 -36 
-17 -35 
-17 -34 
-17 -33 
-17 -32 
-17 -31 
-17 -30 
-17 -29 
-17 -28 
-17 -27 
-17 -26 
-17 -25 
-17 -24 
-17 -23 
-17 -22 
-17 -21 
-17 -17 
-16 -70 
-16 -69 
-16 -68 
-16 -67 
-16 -66 
-16 -65 
-16 -64 
-16 -63 
-16 -62 
-16 -61 
-16 -60 
-16 -59 
-16 -58 
-16 -57 
-16 -56 
-16 -55 
-16 -54 
-16 -53 
-16 -52 
-16 -51 
-16 -50 
-16 -49 
-16 -48 
-16 -47 
-16 -46 
-16 -45 
-16 -44 
-16 -43 
-16 -42 
-16 -41 
-16 -40 
-16 -39 
-16 -38 
-16 -37 
-16 -36 
-16 -35 
-16 -34 
-16 -33 
-16 -32 
-16 -31 
-16 -30 
-16 -29 
-16 -28 
-16 -27 
-16 -26 
-16 -25 
-16 -24 
-16 -23 
-16 -22 
-16 -21 
-16 -20 
-16 -19 
-16 -16 
-15 -68 
-15 -67 
-15 -66 
-15 -65 
-15 -64 
-15 -63 
-15 -62 
-15 -61 
-15 -60 
-15 -59 
-15 -58 
-15 -57 
-15 -56 
-15 -55 
-15 -54 
-15 -53 
-15 -52 
-15 -51 
-15 -50 
-15 -49 
-15 -48 
-15 -47 
-15 -46 
-15 -45 
-15 -44 
-15 -43 
-15 -42 
-15 -41 
-15 -40 
-15 -39 
-15 -38 
-15 -37 
-15 -36 
-15 -35 
-15 -34 
-15 -33 
-15 -32 
-15 -31 
-15 -30 
-15 -29 
-15 -28 
-15 -27 
-15 -26 
-15 -25 
-15 -24 
-15 -23 
-15 -22 
-15 -21 
-15 -20 
-15 -19 
-15 -18 
-15 -15 
-14 -62 
-14 -61 
-14 -60 
-14 -59 
-14 -58 
-14 -57 
-14 -56 
-14 -55 
-14 -54 
-14 -53 
-14 -52 
-14 -51 
-14 -50 
-14 -49 
-14 -48 
-14 -47 
-14 -46 
-14 -45 
-14 -44 
-14 -43 
-14 -42 
-14 -41 
-14 -40 
-14 -39 
-14 -38 
-14 -37 
-14 -36 
-14 -35 
-14 -34 
-14 -33 
-14 -32 
-14 -31 
-14 -30 
-14 -29 
-14 -28 
-14 -27 
-14 -26 
-14 -25 
-14 -24 
-14 -23 
-14 -22 
-14 -21 
-14 -20 
-14 -19 
-14 -18 
-14 -17 
-14 -16 
-14 -14 
-13 -56 
-13 -55 
-13 -54 
-13 -53 
-13 -52 
-13 -51 
-13 -50 
-13 -49 
-13 -48 
-13 -47 
-13 -46 
-13 -45 
-13 -44 
-13 -43 
-13 -42 
-13 -41 
-13 -40 
-13 -39 
-13 -38 
-13 -37 
-13 -36 
-13 -35 
-13 -34 
-13 -33 
-13 -32 
-13 -31 
-13 -30 
-13 -29 
-13 -28 
-13 -27 
-13 -26 
-13 -25 
-13 -24 
-13 -23 
-13 -22 
-13 -21 
-13 -20 
-13 -19 
-13 -18 
-13 -17 
-13 -16 
-13 -15 
-13 -13 
-12 -50 
-12 -49 
-12 -48 
-12 -47 
-12 -46 
-12 -45 
-12 -44 
-12 -43 
-12 -42 
-12 -41 
-12 -40 
-12 -39 
-12 -38 
-12 -37 
-12 -36 
-12 -35 
-12 -34 
-12 -33 
-12 -32 
-12 -31 
-12 -30 
-12 -29 
-12 -28 
-12 -27 
-12 -26 
-12 -25 
-12 -24 
-12 -23 
-12 -22 
-12 -21 
-12 -20 
-12 -19 
-12 -18 
-12 -17 
-12 -16 
-12 -15 
-12 -14 
-12 -12 
-11 -44 
-11 -43 
-11 -42 
-11 -41 
-11 -40 
-11 -39 
-11 -38 
-11 -37 
-11 -36 
-11 -35 
-11 -34 
-11 -33 
-11 -32 
-11 -31 
-11 -30 
-11 -29 
-11 -28 
-11 -27 
-11 -26 
-11 -25 
-11 -24 
-11 -23 
-11 -22 
-11 -21 
-11 -20 
-11 -19 
-11 -18 
-11 -17 
-11 -16 
-11 -15 
-11 -14 
-11 -13 
-11 -12 
-11 -11 
-10 -38 
-10 -37 
-10 -36 
-10 -35 
-10 -34 
-10 -33 
-10 -32 
-10 -31 
-10 -30 
-10 -29 
-10 -28 
-10 -27 
-10 -26 
-10 -25 
-10 -24 
-10 -23 
-10 -22 
-10 -21 
-10 -20 
-10 -19 
-10 -18 
-10 -17 
-10 -16 
-10 -15 
-10 -14 
-10 -13 
-10 -12 
-10 -11 
-10 -10 
-9 -32 
-9 -31 
-9 -30 
-9 -29 
-9 -28 
-9 -27 
-9 -26 
-9 -25 
-9 -24 
-9 -23 
-9 -22 
-9 -21 
-9 -20 
-9 -19 
-9 -18 
-9 -17 
-9 -16 
-9 -15 
-9 -14 
-9 -13 
-9 -12 
-9 -11 
-9 -10 
-9 -9 
-8 -26 
-8 -25 
-8 -24 
-8 -23 
-8 -22 
-8 -21 
-8 -20 
-8 -19 
-8 -18 
-8 -17 
-8 -16 
-8 -15 
-8 -14 
-8 -13 
-8 -12 
-8 -11 
-8 -10 
-8 -9 
-8 -8 
-7 -20 
-7 -19 
-7 -18 
-7 -17 
-7 -16 
-7 -15 
-7 -14 
-7 -13 
-7 -12 
-7 -11 
-7 -10 
-7 -9 
-7 -8 
-7 -7 
-6 -14 
-6 -13 
-6 -12 
-6 -11 
-6 -10 
-6 -9 
-6 -8 
-6 -7 
-6 -6 
-5 -8 
-5 -7 
-5 -6 
-5 -5 
-4 -4 
