-6 -7 -9 
-5 -7 -22 
-5 -6 -22 
-5 -6 -21 
-5 -6 -18 
-5 -6 -17 
-5 -6 -16 
-5 -6 -15 
-5 -6 -14 
-5 -6 -13 
-5 -6 -12 
-5 -6 -11 
-5 -6 -9 
-5 -6 -8 
-4 -14 -22 
-4 -13 -22 
-4 -13 -21 
-4 -12 -22 
-4 -12 -21 
-4 -12 -20 
-4 -11 -22 
-4 -11 -21 
-4 -11 -20 
-4 -11 -19 
-4 -10 -22 
-4 -10 -21 
-4 -10 -19 
-4 -10 -18 
-4 -9 -22 
-4 -9 -21 
-4 -9 -18 
-4 -9 -17 
-4 -8 -22 
-4 -8 -21 
-4 -8 -20 
-4 -8 -17 
-4 -8 -16 
-4 -7 -22 
-4 -7 -21 
-4 -7 -20 
-4 -6 -22 
-4 -6 -21 
-4 -6 -20 
-4 -6 -19 
-4 -6 -18 
-4 -6 -17 
-4 -6 -16 
-4 -6 -15 
-4 -6 -14 
-4 -5 -22 
-4 -5 -21 
-4 -5 -20 
-4 -5 -19 
-4 -5 -18 
-4 -5 -17 
-4 -5 -16 
-4 -5 -15 
-4 -5 -14 
-4 -5 -13 
-4 -5 -12 
-4 -5 -11 
-4 -5 -7 
-3 -4 -6 
-2 -3 -5 
-1 -2 -4 
